   RR1  RR2 shamt  WREG  WD   WR   she  dir  RD1  RD2
    0    0    0    0 0000    0    0    0 0000 0000
    1    1    0    1 0064    1    0    0 0000 0000
    3    1    5    3 0000    1    1    0 0000 0064
    6    6    0    6 1234    1    0    0 0000 0000
    7    6    2    7 0000    1    1    1 0000 1234
    1    3    0    0 0000    0    0    0 0064 0003
    6    7    0    0 0000    0    0    0 1234 48D0
    0    0    0    0 0000    U    U    U 0000 0000
    0    0    0    0 0000    U    U    U 0000 0000
    0    0    0    0 0000    U    U    U 0000 0000
